Original Width: 1600
Original Height: 900
410
1.5E-4 655.0 211.0 0.0 0.0 2.5150561190257867E-5
1.5E-4 655.0 241.0 0.0 0.0 1.970336713395343E-5
1.5E-4 655.0 271.0 0.0 0.0 4.653794482474204E-5
1.5E-4 685.0 211.0 0.0 0.0 8.362120888863689E-5
1.5E-4 685.0 241.0 0.0 0.0 4.914629274436597E-5
1.5E-4 685.0 271.0 0.0 0.0 6.502318290727443E-5
7.5E-5 655.0 361.0 0.0 0.0 -8.497268854625418E-5
1.0E-4 945.0 276.0 0.0 0.0 7.01313690276732E-5
1.0E-4 797.0 511.0 0.0 0.0 1.8460855951155175E-5
1.0E-4 1059.0 341.0 0.0 0.0 4.917686408254655E-5
1.0E-4 1095.0 317.0 0.0 0.0 5.723206419192173E-5
1.0E-4 1086.0 327.0 0.0 0.0 1.88501277449169E-6
1.0E-4 1062.0 357.0 0.0 0.0 7.007451588336885E-5
1.0E-4 805.0 590.0 0.0 0.0 9.867823162439873E-5
1.0E-4 542.0 589.0 0.0 0.0 3.91092316866451E-5
1.0E-4 440.0 469.0 0.0 0.0 4.158461294484517E-6
1.0E-4 607.0 337.0 0.0 0.0 8.408940918092185E-5
1.0E-4 708.0 360.0 0.0 0.0 8.085597695474978E-6
1.0E-4 831.0 636.0 0.0 0.0 1.036928935178113E-5
1.0E-4 1013.0 644.0 0.0 0.0 5.757724353873977E-5
1.0E-4 1136.0 458.0 0.0 0.0 8.530205383350387E-6
1.0E-4 884.0 433.0 0.0 0.0 2.7482091501492224E-5
1.0E-4 826.0 702.0 0.0 0.0 3.3619688354303575E-5
1.0E-4 986.0 582.0 0.0 0.0 8.15000652654538E-5
1.0E-4 726.0 550.0 0.0 0.0 2.1401839608632213E-5
1.0E-4 620.0 647.0 0.0 0.0 4.012525797992728E-5
1.0E-4 503.0 457.0 0.0 0.0 3.4202687476457444E-5
1.0E-4 766.0 480.0 0.0 0.0 4.117340961325125E-5
1.0E-4 762.0 628.0 0.0 0.0 4.14454191354231E-5
1.0E-4 675.0 482.0 0.0 0.0 2.063757884279427E-5
1.0E-4 528.0 588.0 0.0 0.0 2.1701306405876953E-5
1.0E-4 666.0 486.0 0.0 0.0 5.4819477965961086E-5
1.0E-4 521.0 570.0 0.0 0.0 6.124030404078015E-5
1.0E-4 518.0 462.0 0.0 0.0 4.584793106668867E-5
1.0E-4 572.0 591.0 0.0 0.0 2.6169701350991924E-5
1.0E-4 376.0 526.0 0.0 0.0 4.137096238042017E-5
1.0E-4 688.0 511.0 0.0 0.0 4.132530143108094E-6
1.0E-4 551.0 704.0 0.0 0.0 2.7572365201555817E-6
1.0E-4 488.0 376.0 0.0 0.0 7.034349697923211E-5
1.0E-4 902.0 698.0 0.0 0.0 5.474194615173749E-5
1.0E-4 539.0 562.0 0.0 0.0 9.99266625399636E-5
1.0E-4 797.0 384.0 0.0 0.0 1.089858764350915E-6
1.0E-4 962.0 678.0 0.0 0.0 6.2855077353759E-5
1.0E-4 598.0 474.0 0.0 0.0 9.632498861880719E-5
1.0E-4 1149.0 471.0 0.0 0.0 3.3360264695576234E-5
1.0E-4 1028.0 711.0 0.0 0.0 5.150556484977783E-5
1.0E-4 656.0 343.0 0.0 0.0 7.68733966762075E-5
1.0E-4 1252.0 678.0 0.0 0.0 8.383022516147211E-5
1.0E-4 780.0 452.0 0.0 0.0 4.408717608282725E-5
1.0E-4 1264.0 385.0 0.0 0.0 1.4785179076447076E-5
1.0E-4 1225.0 648.0 0.0 0.0 7.360738411775554E-5
1.0E-4 831.0 355.0 0.0 0.0 8.163314523285905E-5
1.0E-4 1305.0 419.0 0.0 0.0 4.722783151837086E-5
1.0E-4 945.0 491.0 0.0 0.0 6.216630042841998E-5
1.0E-4 1070.0 204.0 0.0 0.0 4.075659312711789E-5
1.0E-4 1052.0 601.0 0.0 0.0 6.547342586244894E-5
1.0E-4 627.0 346.0 0.0 0.0 9.950185900224855E-5
1.0E-4 1153.0 427.0 0.0 0.0 1.249377431714629E-5
1.0E-4 787.0 629.0 0.0 0.0 4.226219658715233E-5
1.0E-4 812.0 366.0 0.0 0.0 2.6479995033175995E-6
1.0E-4 1035.0 562.0 0.0 0.0 5.7540283764371316E-5
1.0E-4 894.0 462.0 0.0 0.0 2.7962866770738714E-5
1.0E-4 1119.0 467.0 0.0 0.0 1.760607095628496E-5
1.0E-4 1029.0 444.0 0.0 0.0 7.776737122661976E-5
1.0E-4 1190.0 429.0 0.0 0.0 6.218161187151388E-5
1.0E-4 1182.0 429.0 0.0 0.0 5.697136277436959E-5
1.0E-4 1105.0 408.0 0.0 0.0 2.6425106982773482E-5
1.0E-4 1023.0 397.0 0.0 0.0 8.369487886281469E-5
1.0E-4 912.0 379.0 0.0 0.0 3.538820839656987E-5
1.0E-4 775.0 342.0 0.0 0.0 9.960131392772508E-6
1.0E-4 690.0 315.0 0.0 0.0 7.352563690381786E-6
1.0E-4 612.0 295.0 0.0 0.0 2.7464487751719405E-5
1.0E-4 541.0 275.0 0.0 0.0 9.487627278168929E-5
1.0E-4 483.0 260.0 0.0 0.0 4.210993894927852E-5
1.0E-4 400.0 268.0 0.0 0.0 8.767675388866081E-6
1.0E-4 365.0 312.0 0.0 0.0 7.177337033646583E-5
1.0E-4 352.0 391.0 0.0 0.0 7.563491090245367E-5
1.0E-4 348.0 468.0 0.0 0.0 9.537558051724974E-5
1.0E-4 347.0 532.0 0.0 0.0 5.352937980473488E-5
1.0E-4 347.0 595.0 0.0 0.0 4.407142569768132E-5
1.0E-4 342.0 665.0 0.0 0.0 9.721669106324866E-5
1.0E-4 365.0 713.0 0.0 0.0 2.1576718437564738E-5
1.0E-4 414.0 703.0 0.0 0.0 1.9789439006516987E-5
1.0E-4 441.0 633.0 0.0 0.0 9.732057886736563E-5
1.0E-4 443.0 538.0 0.0 0.0 3.1014174245344646E-5
1.0E-4 429.0 491.0 0.0 0.0 6.812803934020776E-5
1.0E-4 416.0 451.0 0.0 0.0 5.5624878763617146E-5
1.0E-4 414.0 421.0 0.0 0.0 9.917250860382405E-5
1.0E-4 414.0 387.0 0.0 0.0 2.6939651284540788E-6
1.0E-4 425.0 340.0 0.0 0.0 5.847967832538967E-5
1.0E-4 435.0 287.0 0.0 0.0 9.649911290264673E-5
1.0E-4 445.0 227.0 0.0 0.0 5.9614291372320106E-5
1.0E-4 462.0 188.0 0.0 0.0 1.1541748816618415E-5
1.0E-4 491.0 175.0 0.0 0.0 4.045208107210018E-5
1.0E-4 545.0 175.0 0.0 0.0 2.1455686856359224E-5
1.0E-4 616.0 184.0 0.0 0.0 8.10571203753892E-5
1.0E-4 696.0 188.0 0.0 0.0 6.067896860211904E-5
1.0E-4 795.0 190.0 0.0 0.0 7.387842459879534E-6
1.0E-4 881.0 190.0 0.0 0.0 6.646811396592409E-5
1.0E-4 969.0 190.0 0.0 0.0 2.939414606196443E-5
1.0E-4 1033.0 186.0 0.0 0.0 6.994368135141946E-5
1.0E-4 1112.0 179.0 0.0 0.0 1.940621767515015E-5
1.0E-4 1207.0 178.0 0.0 0.0 1.1513790687351498E-5
1.0E-4 1281.0 186.0 0.0 0.0 7.972919522495321E-5
1.0E-4 1305.0 209.0 0.0 0.0 8.668526543905591E-5
1.0E-4 1297.0 230.0 0.0 0.0 6.50344255638247E-5
1.0E-4 1261.0 249.0 0.0 0.0 7.170951035115098E-5
1.0E-4 1213.0 260.0 0.0 0.0 8.627894865519447E-5
1.0E-4 1151.0 265.0 0.0 0.0 1.880462392557399E-5
1.0E-4 1078.0 279.0 0.0 0.0 7.103019235417252E-6
1.0E-4 1037.0 300.0 0.0 0.0 5.2240639099957534E-5
1.0E-4 1007.0 342.0 0.0 0.0 6.23769001308417E-5
1.0E-4 993.0 391.0 0.0 0.0 8.90785836443797E-5
1.0E-4 968.0 437.0 0.0 0.0 5.1030960967573E-5
1.0E-4 911.0 474.0 0.0 0.0 7.183553929933225E-5
1.0E-4 857.0 487.0 0.0 0.0 3.355825662874459E-5
1.0E-4 812.0 467.0 0.0 0.0 5.013923323149258E-5
1.0E-4 809.0 396.0 0.0 0.0 5.8489291399180964E-5
1.0E-4 859.0 341.0 0.0 0.0 2.018135935491454E-5
1.0E-4 869.0 293.0 0.0 0.0 4.438064604080435E-5
1.0E-4 838.0 248.0 0.0 0.0 5.4359281784022605E-6
1.0E-4 772.0 237.0 0.0 0.0 4.920547534449171E-6
1.0E-4 730.0 293.0 0.0 0.0 9.09468276524765E-5
1.0E-4 715.0 392.0 0.0 0.0 5.793635897573706E-5
1.0E-4 698.0 444.0 0.0 0.0 5.3089788584776356E-5
1.0E-4 662.0 455.0 0.0 0.0 4.550441534379866E-5
1.0E-4 597.0 422.0 0.0 0.0 2.3972245910390043E-5
1.0E-4 551.0 372.0 0.0 0.0 8.593756144150506E-5
1.0E-4 548.0 321.0 0.0 0.0 6.757482545721349E-6
1.0E-4 558.0 281.0 0.0 0.0 1.0898320436123143E-5
1.0E-4 583.0 240.0 0.0 0.0 9.770639909075579E-5
1.0E-4 596.0 216.0 0.0 0.0 2.6806762928280414E-5
1.0E-4 593.0 203.0 0.0 0.0 5.045316195611883E-5
1.0E-4 549.0 194.0 0.0 0.0 1.4449923786280517E-6
1.0E-4 525.0 212.0 0.0 0.0 3.6114600057122026E-5
1.0E-4 504.0 303.0 0.0 0.0 6.938053993516875E-5
1.0E-4 526.0 398.0 0.0 0.0 5.2734425098779915E-5
1.0E-4 576.0 480.0 0.0 0.0 8.652729551036182E-5
1.0E-4 599.0 547.0 0.0 0.0 3.305165829042487E-5
1.0E-4 629.0 612.0 0.0 0.0 4.063534417520683E-5
1.0E-4 666.0 665.0 0.0 0.0 9.97402453834178E-5
1.0E-4 677.0 705.0 0.0 0.0 4.436390733192716E-5
1.0E-4 666.0 731.0 0.0 0.0 5.148809440203086E-5
1.0E-4 644.0 736.0 0.0 0.0 3.726999469888187E-5
1.0E-4 757.0 771.0 0.0 0.0 6.275770067423359E-6
1.0E-4 840.0 778.0 0.0 0.0 9.677769558287763E-5
1.0E-4 924.0 776.0 0.0 0.0 2.499740250251493E-5
1.0E-4 1016.0 767.0 0.0 0.0 8.303023105183222E-5
1.0E-4 1098.0 759.0 0.0 0.0 2.947099811595306E-5
1.0E-4 1160.0 748.0 0.0 0.0 3.3319520742634E-6
1.0E-4 1183.0 721.0 0.0 0.0 7.455675460983374E-5
1.0E-4 1202.0 673.0 0.0 0.0 9.633644860422323E-5
1.0E-4 1209.0 621.0 0.0 0.0 4.0497363070020265E-5
1.0E-4 1209.0 569.0 0.0 0.0 7.971788687902487E-5
1.0E-4 1183.0 520.0 0.0 0.0 5.4983045535296486E-5
1.0E-4 1077.0 495.0 0.0 0.0 3.607662319125493E-5
1.0E-4 968.0 499.0 0.0 0.0 6.408189788280261E-6
1.0E-4 725.0 501.0 0.0 0.0 9.639010768812544E-5
1.0E-4 596.0 453.0 0.0 0.0 6.222068843762407E-5
1.0E-4 557.0 422.0 0.0 0.0 1.7352068285806364E-5
1.0E-4 551.0 384.0 0.0 0.0 9.637618507609961E-5
1.0E-4 586.0 359.0 0.0 0.0 9.518504806316021E-5
1.0E-4 677.0 389.0 0.0 0.0 6.521715157918373E-5
1.0E-4 778.0 490.0 0.0 0.0 5.3514589037044546E-5
1.0E-4 826.0 598.0 0.0 0.0 5.4432996760290425E-5
1.0E-4 888.0 660.0 0.0 0.0 3.402063333979247E-5
1.0E-4 950.0 658.0 0.0 0.0 7.42667014106046E-5
1.0E-4 1023.0 621.0 0.0 0.0 8.600928062216478E-5
1.0E-4 1074.0 580.0 0.0 0.0 7.427302081532257E-5
1.0E-4 1120.0 546.0 0.0 0.0 3.276370971717295E-5
1.0E-4 1167.0 511.0 0.0 0.0 2.1472400527140202E-5
1.0E-4 1206.0 493.0 0.0 0.0 9.338034511197845E-6
1.0E-4 1247.0 491.0 0.0 0.0 7.076558082020754E-5
1.0E-4 1273.0 539.0 0.0 0.0 4.6965084950070173E-5
1.0E-4 1276.0 593.0 0.0 0.0 8.370906077136586E-6
1.0E-4 1239.0 624.0 0.0 0.0 8.488461344517371E-5
1.0E-4 1162.0 643.0 0.0 0.0 6.752670893267642E-5
1.0E-4 1100.0 633.0 0.0 0.0 4.040027413001456E-5
1.0E-4 1000.0 604.0 0.0 0.0 7.078413661849614E-5
1.0E-4 902.0 566.0 0.0 0.0 6.439291778459419E-5
1.0E-4 856.0 547.0 0.0 0.0 1.023374852738701E-5
1.0E-4 827.0 545.0 0.0 0.0 6.221736776152236E-5
1.0E-4 791.0 564.0 0.0 0.0 2.160646642646814E-5
1.0E-4 746.0 587.0 0.0 0.0 1.1565835611505093E-5
1.0E-4 701.0 613.0 0.0 0.0 7.132301423848982E-5
1.0E-4 668.0 617.0 0.0 0.0 5.9981649484442926E-5
1.0E-4 627.0 580.0 0.0 0.0 5.850557214034781E-5
1.0E-4 626.0 547.0 0.0 0.0 1.855287636679508E-5
1.0E-4 634.0 509.0 0.0 0.0 3.32928375280227E-5
1.0E-4 645.0 471.0 0.0 0.0 7.60199779363045E-5
1.0E-4 649.0 423.0 0.0 0.0 6.540958813259449E-5
1.0E-4 661.0 393.0 0.0 0.0 6.302057327003801E-5
1.0E-4 706.0 387.0 0.0 0.0 2.5041295394731445E-5
1.0E-4 788.0 411.0 0.0 0.0 8.120611054798463E-5
1.0E-4 865.0 420.0 0.0 0.0 9.417284942345489E-5
1.0E-4 912.0 417.0 0.0 0.0 4.105035561852339E-5
1.0E-4 970.0 401.0 0.0 0.0 3.8499955687773776E-5
1.0E-4 1016.0 393.0 0.0 0.0 9.769153206682161E-5
1.0E-4 1061.0 375.0 0.0 0.0 8.595688503174201E-5
1.0E-4 1120.0 358.0 0.0 0.0 4.128449906540488E-5
1.0E-4 1210.0 337.0 0.0 0.0 7.128208661728705E-5
1.0E-4 1283.0 355.0 0.0 0.0 5.007454454124706E-5
1.0E-4 1285.0 383.0 0.0 0.0 8.06330097700065E-5
1.0E-4 1231.0 402.0 0.0 0.0 9.654138627721541E-5
1.0E-4 1187.0 378.0 0.0 0.0 2.5145666475296678E-5
1.0E-4 1117.0 334.0 0.0 0.0 6.311373004756154E-5
1.0E-4 1028.0 308.0 0.0 0.0 6.690725261349677E-5
1.0E-4 955.0 285.0 0.0 0.0 6.05472331136348E-5
1.0E-4 913.0 293.0 0.0 0.0 3.9778707876090824E-5
1.0E-4 837.0 306.0 0.0 0.0 9.333014735192561E-5
1.0E-4 793.0 296.0 0.0 0.0 4.588803306209501E-5
1.0E-4 743.0 280.0 0.0 0.0 9.482129156245655E-6
1.0E-4 616.0 272.0 0.0 0.0 5.6746309770628435E-5
1.0E-4 537.0 261.0 0.0 0.0 4.1705855405733146E-5
1.0E-4 465.0 240.0 0.0 0.0 1.6461367757198155E-5
1.0E-4 397.0 210.0 0.0 0.0 6.071405770548074E-5
1.0E-4 362.0 188.0 0.0 0.0 8.939602589809612E-5
1.0E-4 358.0 181.0 0.0 0.0 4.51747667655991E-5
1.0E-4 374.0 180.0 0.0 0.0 4.21080838600607E-5
1.0E-4 377.0 189.0 0.0 0.0 3.4395321942230475E-5
1.0E-4 350.0 214.0 0.0 0.0 2.110000012340074E-5
1.0E-4 338.0 225.0 0.0 0.0 8.57149548137698E-5
1.0E-4 331.0 235.0 0.0 0.0 2.5691929847399597E-5
1.0E-4 325.0 245.0 0.0 0.0 5.752161065042392E-5
1.0E-4 322.0 252.0 0.0 0.0 6.641951249245792E-5
1.0E-4 320.0 260.0 0.0 0.0 8.758996011683248E-5
1.0E-4 318.0 270.0 0.0 0.0 1.2670450381022547E-6
1.0E-4 317.0 279.0 0.0 0.0 2.460471421351398E-5
1.0E-4 315.0 289.0 0.0 0.0 7.609502810701818E-6
1.0E-4 314.0 297.0 0.0 0.0 9.564982397812735E-5
1.0E-4 313.0 304.0 0.0 0.0 5.009780049797759E-5
1.0E-4 312.0 315.0 0.0 0.0 8.428563463002628E-5
1.0E-4 311.0 323.0 0.0 0.0 6.233770238634464E-5
1.0E-4 310.0 332.0 0.0 0.0 4.059092205348704E-5
1.0E-4 310.0 342.0 0.0 0.0 6.185351425439313E-5
1.0E-4 310.0 355.0 0.0 0.0 1.7015688934177243E-5
1.0E-4 310.0 364.0 0.0 0.0 4.757506622741027E-5
1.0E-4 310.0 376.0 0.0 0.0 6.869080998248234E-7
1.0E-4 310.0 389.0 0.0 0.0 9.13351205108459E-5
1.0E-4 310.0 404.0 0.0 0.0 5.358948218682369E-6
1.0E-4 310.0 419.0 0.0 0.0 7.932117846430015E-5
1.0E-4 310.0 433.0 0.0 0.0 6.374139377618264E-5
1.0E-4 309.0 446.0 0.0 0.0 6.110351008621306E-6
1.0E-4 309.0 459.0 0.0 0.0 7.552011109813267E-5
1.0E-4 309.0 471.0 0.0 0.0 8.816035656957981E-5
1.0E-4 307.0 492.0 0.0 0.0 7.78762463363306E-5
1.0E-4 304.0 508.0 0.0 0.0 8.107857396484398E-5
1.0E-4 303.0 519.0 0.0 0.0 6.377746487821878E-6
1.0E-4 302.0 529.0 0.0 0.0 3.6601233538231306E-5
1.0E-4 302.0 546.0 0.0 0.0 5.525768485889571E-5
1.0E-4 302.0 561.0 0.0 0.0 7.225591903681206E-5
1.0E-4 302.0 576.0 0.0 0.0 6.060359060177373E-5
1.0E-4 302.0 588.0 0.0 0.0 9.573459793061479E-5
1.0E-4 304.0 601.0 0.0 0.0 5.897561092855227E-5
1.0E-4 308.0 610.0 0.0 0.0 9.396589072674272E-5
1.0E-4 314.0 618.0 0.0 0.0 9.13743439524921E-5
1.0E-4 323.0 624.0 0.0 0.0 7.595129705286469E-5
1.0E-4 330.0 625.0 0.0 0.0 6.002993912920608E-5
1.0E-4 341.0 627.0 0.0 0.0 3.114014532396395E-5
1.0E-4 349.0 627.0 0.0 0.0 1.7733258879328494E-5
1.0E-4 356.0 627.0 0.0 0.0 9.294083887383408E-6
1.0E-4 365.0 627.0 0.0 0.0 9.874091603329409E-5
1.0E-4 373.0 625.0 0.0 0.0 4.1578729712788506E-5
1.0E-4 381.0 622.0 0.0 0.0 4.183450875456487E-5
1.0E-4 389.0 619.0 0.0 0.0 4.94742780889221E-5
1.0E-4 397.0 616.0 0.0 0.0 2.288874814702737E-5
1.0E-4 404.0 614.0 0.0 0.0 4.17885024863965E-5
1.0E-4 415.0 610.0 0.0 0.0 2.1041845395683655E-6
1.0E-4 427.0 605.0 0.0 0.0 8.966613910909224E-5
1.0E-4 437.0 600.0 0.0 0.0 3.501080452553229E-6
1.0E-4 445.0 595.0 0.0 0.0 2.4413073680806395E-5
1.0E-4 454.0 589.0 0.0 0.0 1.7777498606322736E-5
1.0E-4 463.0 581.0 0.0 0.0 9.789894212612287E-5
1.0E-4 474.0 571.0 0.0 0.0 4.844525791643737E-5
1.0E-4 483.0 564.0 0.0 0.0 2.5287090193578375E-5
1.0E-4 492.0 556.0 0.0 0.0 8.232256404586522E-5
1.0E-4 502.0 548.0 0.0 0.0 3.519867843961732E-5
1.0E-4 511.0 542.0 0.0 0.0 4.384541408461231E-5
1.0E-4 520.0 538.0 0.0 0.0 4.37922354129732E-5
1.0E-4 531.0 533.0 0.0 0.0 5.936930252333894E-6
1.0E-4 539.0 529.0 0.0 0.0 5.258844238088187E-5
1.0E-4 551.0 523.0 0.0 0.0 5.383289844647555E-5
1.0E-4 559.0 520.0 0.0 0.0 2.1461857561283046E-5
1.0E-4 568.0 518.0 0.0 0.0 9.06037910715648E-5
1.0E-4 582.0 517.0 0.0 0.0 5.963850084570267E-5
1.0E-4 595.0 516.0 0.0 0.0 2.5169217173149907E-7
1.0E-4 606.0 516.0 0.0 0.0 6.756202253848986E-7
1.0E-4 620.0 518.0 0.0 0.0 4.512059520854474E-5
1.0E-4 630.0 521.0 0.0 0.0 1.9464143297379078E-5
1.0E-4 639.0 526.0 0.0 0.0 2.5678821445820765E-5
1.0E-4 647.0 530.0 0.0 0.0 1.7805187634382657E-5
1.0E-4 655.0 535.0 0.0 0.0 1.2063557709004736E-5
1.0E-4 663.0 537.0 0.0 0.0 5.2901411292482704E-5
1.0E-4 671.0 539.0 0.0 0.0 1.5483025167359188E-5
1.0E-4 681.0 540.0 0.0 0.0 3.331638266249028E-5
1.0E-4 689.0 540.0 0.0 0.0 8.382736322225422E-5
1.0E-4 700.0 539.0 0.0 0.0 2.804783241995377E-5
1.0E-4 712.0 535.0 0.0 0.0 1.7633230156455027E-5
1.0E-4 724.0 531.0 0.0 0.0 6.510289110653325E-5
1.0E-4 734.0 527.0 0.0 0.0 3.068009786966773E-5
1.0E-4 744.0 524.0 0.0 0.0 7.043732805530718E-5
1.0E-4 754.0 522.0 0.0 0.0 5.2581656260167537E-5
1.0E-4 763.0 522.0 0.0 0.0 7.072104855176698E-5
1.0E-4 771.0 522.0 0.0 0.0 5.0199294407537606E-5
1.0E-4 780.0 522.0 0.0 0.0 5.382549175311141E-5
1.0E-4 790.0 525.0 0.0 0.0 4.978467543535541E-5
1.0E-4 797.0 526.0 0.0 0.0 1.9214774515707797E-5
1.0E-4 805.0 527.0 0.0 0.0 7.450568209537277E-5
1.0E-4 814.0 527.0 0.0 0.0 2.1893473744731573E-5
1.0E-4 823.0 527.0 0.0 0.0 8.228779661300623E-5
1.0E-4 832.0 526.0 0.0 0.0 3.864309567111624E-6
1.0E-4 845.0 523.0 0.0 0.0 3.938706648205503E-5
1.0E-4 855.0 521.0 0.0 0.0 4.7135707700761405E-5
1.0E-4 867.0 517.0 0.0 0.0 9.628946856170731E-5
1.0E-4 880.0 517.0 0.0 0.0 7.346189190264906E-5
1.0E-4 888.0 517.0 0.0 0.0 2.77055225467686E-5
1.0E-4 897.0 517.0 0.0 0.0 5.47787978678966E-5
1.0E-4 914.0 520.0 0.0 0.0 4.871164302006786E-5
1.0E-4 927.0 523.0 0.0 0.0 1.612033909171917E-6
1.0E-4 939.0 526.0 0.0 0.0 4.8406871587425114E-5
1.0E-4 955.0 528.0 0.0 0.0 2.6785867594173718E-5
1.0E-4 966.0 530.0 0.0 0.0 7.254333628768711E-5
1.0E-4 979.0 530.0 0.0 0.0 7.107363101509547E-5
1.0E-4 990.0 530.0 0.0 0.0 2.0021891933938883E-6
1.0E-4 999.0 526.0 0.0 0.0 5.383273292845024E-5
1.0E-4 1007.0 520.0 0.0 0.0 8.708670070634524E-5
1.0E-4 1013.0 512.0 0.0 0.0 2.330566225313143E-5
1.0E-4 1014.0 505.0 0.0 0.0 1.3566886883924844E-5
1.0E-4 1015.0 495.0 0.0 0.0 2.1599276289510738E-5
1.0E-4 1015.0 488.0 0.0 0.0 5.822342465188201E-5
1.0E-4 1014.0 481.0 0.0 0.0 1.2147705046891355E-5
1.0E-4 1009.0 474.0 0.0 0.0 8.510366691430384E-5
1.0E-4 1002.0 469.0 0.0 0.0 1.801438593758553E-6
1.0E-4 994.0 466.0 0.0 0.0 9.243250903401607E-5
1.0E-4 980.0 464.0 0.0 0.0 4.96112123408402E-6
1.0E-4 969.0 462.0 0.0 0.0 3.054145328512834E-5
1.0E-4 961.0 460.0 0.0 0.0 6.809628794530059E-5
1.0E-4 954.0 456.0 0.0 0.0 1.7528804640543484E-5
1.0E-4 950.0 449.0 0.0 0.0 9.457623750267924E-5
1.0E-4 947.0 440.0 0.0 0.0 8.693182100676043E-6
1.0E-4 945.0 429.0 0.0 0.0 7.23246173051069E-5
1.0E-4 945.0 418.0 0.0 0.0 6.295493977849327E-5
1.0E-4 945.0 409.0 0.0 0.0 2.1035349859760565E-5
1.0E-4 945.0 400.0 0.0 0.0 6.217108216946509E-5
1.0E-4 947.0 391.0 0.0 0.0 9.751261104762379E-5
1.0E-4 952.0 382.0 0.0 0.0 2.94757205963867E-6
1.0E-4 959.0 373.0 0.0 0.0 5.339102831362102E-5
1.0E-4 970.0 367.0 0.0 0.0 3.5589217638725136E-6
1.0E-4 981.0 366.0 0.0 0.0 5.0636080446554055E-5
1.0E-4 995.0 365.0 0.0 0.0 6.701215307278958E-5
1.0E-4 1012.0 366.0 0.0 0.0 4.8713571865803205E-5
1.0E-4 1026.0 371.0 0.0 0.0 6.406640729797472E-5
1.0E-4 1035.0 378.0 0.0 0.0 7.035788849890229E-5
1.0E-4 1044.0 387.0 0.0 0.0 5.387870438865113E-5
1.0E-4 1050.0 398.0 0.0 0.0 8.798112993525931E-5
1.0E-4 1057.0 411.0 0.0 0.0 3.444176554473232E-5
1.0E-4 1063.0 421.0 0.0 0.0 2.7811268414570935E-6
1.0E-4 1069.0 433.0 0.0 0.0 7.47436354659875E-6
1.0E-4 1074.0 445.0 0.0 0.0 8.667046081235589E-5
1.0E-4 1081.0 456.0 0.0 0.0 8.30942487138968E-5
1.0E-4 1088.0 466.0 0.0 0.0 4.1717689231378886E-5
1.0E-4 1094.0 474.0 0.0 0.0 2.6436755803224377E-5
1.0E-4 1100.0 482.0 0.0 0.0 9.163586104104261E-5
1.0E-4 1109.0 487.0 0.0 0.0 3.2179178214487673E-5
1.0E-4 1117.0 489.0 0.0 0.0 3.905392237808418E-5
1.0E-4 1128.0 489.0 0.0 0.0 8.230551442472949E-5
1.0E-4 1140.0 489.0 0.0 0.0 5.258303370018014E-6
1.0E-4 1149.0 489.0 0.0 0.0 8.823833582740892E-6
1.0E-4 1160.0 489.0 0.0 0.0 6.550202731727915E-5
1.0E-4 1168.0 484.0 0.0 0.0 1.5767556862889744E-5
1.0E-4 1174.0 473.0 0.0 0.0 2.286640069872867E-5
1.0E-4 1178.0 464.0 0.0 0.0 6.572333463430382E-5
1.0E-4 1178.0 455.0 0.0 0.0 4.235795817955237E-5
1.0E-4 1178.0 446.0 0.0 0.0 6.519502030693308E-5
1.0E-4 1178.0 438.0 0.0 0.0 3.0075278536665774E-5
1.0E-4 1174.0 428.0 0.0 0.0 8.301139513771371E-5
1.0E-4 1170.0 421.0 0.0 0.0 7.084355323238284E-5
1.0E-4 1167.0 413.0 0.0 0.0 5.7203017187307615E-5
1.0E-4 1167.0 403.0 0.0 0.0 8.295904668476448E-5
1.0E-4 1167.0 393.0 0.0 0.0 2.1611679153074237E-5
1.0E-4 1167.0 384.0 0.0 0.0 5.719273067096623E-5
1.0E-4 1167.0 375.0 0.0 0.0 5.506767117835393E-5
1.0E-4 1167.0 367.0 0.0 0.0 8.58670007014975E-5
1.0E-4 1167.0 359.0 0.0 0.0 9.720119245397437E-5
1.0E-4 1167.0 349.0 0.0 0.0 6.884850865808057E-5
1.0E-4 1167.0 336.0 0.0 0.0 1.7583165579766902E-5
1.0E-4 1164.0 316.0 0.0 0.0 8.921331435146984E-5
1.0E-4 1159.0 306.0 0.0 0.0 8.34679727840197E-5
1.0E-4 1147.0 296.0 0.0 0.0 5.996977385811621E-5
1.0E-4 1133.0 285.0 0.0 0.0 6.82998322956126E-5
1.0E-4 1120.0 268.0 0.0 0.0 5.271443163182037E-5
1.0E-4 1107.0 259.0 0.0 0.0 3.352112676805308E-5
1.0E-4 1089.0 254.0 0.0 0.0 7.290360661497836E-5
1.0E-4 1082.0 252.0 0.0 0.0 1.3073551998403755E-5
1.0E-4 1072.0 250.0 0.0 0.0 5.8317955976832456E-5
1.0E-4 1062.0 248.0 0.0 0.0 2.9111990651645748E-5
1.0E-4 1051.0 246.0 0.0 0.0 5.636115662323235E-5
1.0E-4 1042.0 243.0 0.0 0.0 7.247008092652404E-5
1.0E-4 1029.0 240.0 0.0 0.0 1.1461310043992945E-5
1.0E-4 1017.0 235.0 0.0 0.0 2.875105741560692E-5
1.0E-4 1003.0 233.0 0.0 0.0 4.0741936508764196E-5
1.0E-4 977.0 229.0 0.0 0.0 1.4806136148129844E-5
1.0E-4 961.0 228.0 0.0 0.0 3.931805093470966E-5
1.0E-4 949.0 226.0 0.0 0.0 8.785599532023897E-5
1.0E-4 938.0 226.0 0.0 0.0 7.638357907744259E-5
1.0E-4 929.0 226.0 0.0 0.0 8.547238404108005E-5
1.0E-4 917.0 226.0 0.0 0.0 8.033417328666051E-5
1.0E-4 900.0 226.0 0.0 0.0 6.674195510588718E-5
1.0E-4 879.0 226.0 0.0 0.0 7.147102533401916E-5
1.0E-4 872.0 226.0 0.0 0.0 2.8671783368440784E-5
0
ballsMoving: false
voltageCalcing: false
drawVoltage: false
drawBalls: true
elasticWalls: 50
8
ballStart 0
reset 0
elasticWallsButton 0
Voltage 0
toolButton 1
saveToFile 1
loadFromFile 0
typeButton 0
