Original Width: 1600
Original Height: 900
32
1.5E-4 267.1756761887819 789.3777459199343 -0.1390061820189972 2.9115679373164043 7.951227056243466E-5
1.5E-4 889.3161010347267 685.3173671787779 0.0 0.0 8.46099082096224E-5
1.5E-4 263.0081741886814 332.6181201135171 -0.6087406648428723 -76.70952450864623 5.267461594361843E-5
1.5E-4 964.0812221405398 664.0143425301268 0.0 0.0 4.888853000465171E-5
1.5E-4 749.8282238701935 155.9526694544524 3.0281589422104696 0.11533897134592261 1.1016627023403558E-6
1.5E-4 1212.2354331533215 481.42587016403627 0.0 0.0 6.091459901613439E-5
7.5E-5 1032.0683802809333 645.8237155476916 0.0 0.0 -9.668489157595866E-5
1.0E-4 1218.5164379692826 359.39492177306994 -0.0 0.0 4.1916872849033785E-6
1.0E-4 947.3481744573054 668.6197684979891 0.0 0.0 5.2964295144072413E-5
1.0E-4 1306.3735472872834 225.48769532624647 -16.689902246589707 22.587686848568946 8.597205775790392E-5
1.0E-4 268.8318559134759 213.3080324643466 -0.5448226328305824 -50.30660020780452 4.04283660136142E-5
1.0E-4 851.5568153262922 184.95273110289847 -16.37659819826038 0.24955508546104654 2.147121773410554E-6
1.0E-4 963.61266753507 183.39329778049807 -0.060433536655742075 13.531105965252854 1.4692345908144277E-5
1.0E-4 333.28366530491644 153.7734819412795 4.868072089806072 -0.5144162633425252 1.957185923368332E-5
1.0E-4 838.0156374979497 787.4976515985472 39.477737764076835 3.5818692008580926 7.808858818349327E-5
1.0E-4 1126.0163483986148 616.929651302109 0.0 0.0 4.859117295538222E-5
1.0E-4 1327.777820589291 790.7803153565771 0.650676962576963 0.08767397274976053 5.125343517964798E-5
1.0E-4 264.16547963597304 669.6514485969534 -0.9079604053216813 25.327335480472016 5.309550920103209E-5
1.0E-4 1031.0397801002123 645.5853816237948 -0.0 0.0 3.210250928781287E-5
1.0E-4 1020.5896706938393 648.4615585246318 0.0 0.0 9.761091711753293E-5
1.0E-4 1171.6701191049426 706.3751793745447 -80.13204499683857 -44.9940827632885 7.345179804800852E-5
1.0E-4 856.0506142890843 693.7475373516281 0.0 0.0 8.23069483468866E-5
1.0E-4 274.4061626011199 149.03952467146817 -0.7696647445540583 -1.8827228731001133 3.357848748750752E-5
1.0E-4 1213.381091746165 459.16736036022013 -0.0 0.0 9.279054704362554E-6
1.0E-4 401.4213401222991 405.46956253682 114.85388430456133 -52.58633711492048 9.514896612082332E-5
1.0E-4 271.3690439897649 716.45602070928 7.428153223470439 58.79229531600907 4.4237302156065105E-5
1.0E-4 782.3909813687209 790.1670792342438 92.708500604909 0.29779726760397873 1.391015051310367E-5
1.0E-4 876.610980957544 440.36537266766135 160.87990884121436 -13.328856601379757 4.433004290155256E-5
1.0E-4 1191.9240614108746 760.2314799707922 45.65003994921672 16.481624341341487 3.88949789692656E-5
1.0E-4 986.4732095712246 657.8514121880266 0.0 0.0 6.808148353000365E-5
1.0E-4 1062.1404039487281 637.0255768948455 0.0 0.0 3.799686046347609E-5
1.0E-4 1037.4433267210486 643.8229385888474 -0.0 0.0 4.047045163448282E-5
1
-0.001 7 1122 494 935 529 780 635 797 710 1124 620 1212 486 1219 350 
ballsMoving: true
voltageCalcing: true
drawVoltage: true
drawBalls: true
elasticWalls: 0
8
ballStart 11
reset 0
elasticWallsButton 29
Voltage 1
toolButton 0
saveToFile 1
loadFromFile 0
typeButton 7
