Original Width: 1200
Original Height: 750
7
1.5E-4 308.18059202390344 415.4304694302093 55.66462898696124 207.36350146432952 9.732925513019815E-5
1.5E-4 418.9240990023569 238.63145756196258 -10.531323282138507 8.008253402819818 6.243984575744587E-6
1.5E-4 468.54526681719034 557.8790038379874 20.0642103011333 108.63668250474487 6.526660336436529E-5
1.5E-4 839.9948259487531 335.4731122007319 140.0304572654767 233.3723311325574 5.498940481955298E-5
1.5E-4 486.8004364402979 467.27917477056707 -148.44404023929835 -26.503135296633815 9.571780280011917E-5
1.5E-4 657.486640213261 627.5504934338309 96.83893745536705 131.1233549590059 3.213711932176148E-5
7.5E-5 309.0577396556693 345.98936834206995 84.98460653336168 -23.740729644969807 -8.358005158879112E-5
2
-0.001 3 831 339 732 428 861 460 
-0.001 10 629 228 529 284 550 348 642 315 722 255 702 189 620 192 499 216 467 258 614 213 
ballsMoving: false
voltageCalcing: false
drawVoltage: false
drawBalls: true
elasticWalls: 50
8
ballStart 0
reset 0
elasticWallsButton 0
Voltage 0
addOrEdit 0
saveToFile 0
loadFromFile 0
typeBallOrWall 0