Original Width: 1200
Original Height: 750
8
1.5E-4 465.0 186.0 0.0 0.0 5.336198986912889E-5
1.5E-4 465.0 216.0 0.0 0.0 1.222897279735581E-5
1.5E-4 465.0 246.0 0.0 0.0 2.944711702169681E-5
1.5E-4 495.0 186.0 0.0 0.0 4.30832351E-5
1.5E-4 495.0 216.0 0.0 0.0 6.472844026240842E-6
1.5E-4 495.0 246.0 0.0 0.0 3.459470356927659E-5
7.5E-5 465.0 336.0 0.0 0.0 -1.2401457537060489E-5
1.0E-4 772.0 408.0 0.0 0.0 5.232073010608519E-5
1
-0.001 9 638 341 638 341 638 341 589 468 589 468 589 468 687 352 687 352 687 352 
ballsMoving: false
voltageCalcing: false
drawVoltage: false
drawBalls: true
elasticWalls: 50
