7
1.5E-4 434.3493904757148 149.48435720351998 -59.90970409046996 -111.54099105713505 5.323339916588247E-5
1.5E-4 424.4965381866655 215.56174493745198 -92.50188473267791 2.22079115903586 7.204844926777618E-5
1.5E-4 445.2438079262936 296.3007093473022 -27.198816635502286 148.591520986254 7.688337868769401E-5
1.5E-4 510.2870469209126 158.88973251115146 75.30740519659334 -80.92943739531752 4.9776564760548426E-5
1.5E-4 519.6839988908589 228.84657998078353 101.83772754412107 38.90790648996381 5.15946999109916E-5
1.5E-4 485.9373758839262 246.99608652407395 2.473219801123755 3.1097518075928123 1.4842500249195535E-6
7.5E-5 455.0036834312572 335.841578991434 -0.015894166375932436 -0.7190839807880204 -3.9612394758464787E-7
ballsMoving: false
voltageCalcing: false
drawVoltage: false
drawBalls: true
elasticWalls: 50
