Original Width: 1200
Original Height: 750
10
1.5E-4 455.0 186.0 0.0 0.0 6.988910011235561E-6
1.5E-4 455.0 216.0 0.0 0.0 9.661324585465275E-5
1.5E-4 455.0 246.0 0.0 0.0 3.4055051451289398E-6
1.5E-4 485.0 186.0 0.0 0.0 2.6667904101973297E-5
1.5E-4 485.0 216.0 0.0 0.0 8.082874120928418E-6
1.5E-4 485.0 246.0 0.0 0.0 1.8437794492147564E-5
7.5E-5 455.0 336.0 0.0 0.0 -6.249385354768091E-5
1.0E-4 800.0 220.0 0.0 0.0 2.5199814050419677E-5
1.0E-4 800.0 313.0 0.0 0.0 3.8917790323740656E-5
1.0E-4 784.0 434.0 0.0 0.0 9.356955403702334E-5
0
ballsMoving: false
voltageCalcing: false
drawVoltage: false
drawBalls: true
elasticWalls: 50
8
ballStart 0
reset 0
elasticWallsButton 0
Voltage 0
toolButton 1
saveToFile 1
loadFromFile 0
typeButton 0
