7
1.5E-4 620.4346755576113 175.50751705981364 -59.025125021643234 -62.17141870379542 3.054439822245588E-5
1.5E-4 616.0891562788154 231.57565126908258 -62.97464814817476 -5.81553015183361 2.9228801376027957E-5
1.5E-4 597.0254900088532 372.3202360499128 -67.6391660591309 162.55824270480565 9.586137813876596E-5
1.5E-4 711.4371703870718 167.2328784256673 41.04019943985519 57.04042976116493 5.27144828814188E-5
1.5E-4 773.1709886500688 248.0915130163819 150.33180860933925 13.951223149087031 9.663308188776069E-5
1.5E-4 710.471351344864 320.6879743175492 31.38203906288631 86.4217094360661 2.786706667152722E-5
7.5E-5 637.7423355454299 297.6468711700297 -66.23021576626373 -116.9005357405086 -5.089028034985687E-5
ballsMoving: false
voltageCalcing: false
drawVoltage: false
drawBalls: true
elasticWalls: 50
